0.492530038965,0.637639109038,0.449683628871,0.0
0.220354144018,0.79507368231,0.538567353917,1.0
0.559562232055,0.144536992009,0.471888602053,0.0
0.471165431999,0.666104781183,0.856280981161,1.0
0.370406187791,0.807325831884,0.636668408096,0.0
0.0445925181057,0.550817695948,0.438349481919,0.0
0.918875148431,0.701577530712,0.432239801927,0.0
0.465670135199,0.306977920583,0.798674754026,0.0
0.379607885283,0.434121751353,0.537616185281,1.0
0.357129343935,0.838773156679,0.10089994157,0.0
0.896588112944,0.256884857397,0.985870117506,1.0
0.56515364085,0.492517633891,0.875525406946,0.0
0.942637416048,0.162016049762,0.430812949594,1.0
0.052106923266,0.348143822008,0.661494325192,1.0
0.262320341218,0.229304004793,0.448395661431,1.0
0.555313654655,0.325342804651,0.122409613293,1.0
0.148347405359,0.385549308666,0.976485671803,1.0
0.693677724114,0.632195895681,0.112205312498,0.0
0.194604523813,0.163811656112,0.55905371451,1.0
0.72994260437,0.259161734995,0.743600400509,0.0
0.233235243548,0.608858904401,0.893606976936,1.0
0.634225370185,0.811943119724,0.462021957142,1.0
0.305419195968,0.486724313714,0.0477003497334,0.0
0.914065892478,0.57305586923,0.596470314466,1.0
0.169408467102,0.151428833085,0.696702074697,1.0
0.552848633272,0.836852456463,0.553604730418,1.0
0.486790091763,0.892404899478,0.547945568384,1.0
0.152643707111,0.280034534353,0.305990307793,0.0
0.820004024848,0.171564560269,0.81213315268,0.0
0.140790790155,0.146960567312,0.975736068291,0.0
0.0333449141953,0.895060965865,0.418578083623,0.0
0.115715557357,0.693296375079,0.597886973565,0.0
0.904727483049,0.990920765606,0.837759536229,1.0
0.392013511551,0.191325306917,0.0836542058161,1.0
0.550563530083,0.626170421702,0.491323871216,1.0
0.336592274947,0.675069859508,0.868009829615,1.0
0.147775924089,0.977175795553,0.902635503154,0.0
0.240931571611,0.176887855121,0.20854922396,0.0
0.899875823205,0.680834680483,0.999608122109,0.0
0.252908098617,0.675542783573,0.297643518807,0.0
0.260418759201,0.147626514236,0.670190571415,0.0
0.59057683805,0.708389227937,0.790961502924,1.0
0.375361499408,0.622565830596,0.413112087531,1.0
0.428351535578,0.788167241929,0.927654675263,0.0
0.792837945318,0.694568335092,0.961443064167,1.0
0.714790384941,0.359995021063,0.358936727576,1.0
0.0740385615759,0.298180824398,0.423648111327,1.0
0.562429886176,0.335439651859,0.497578894107,0.0
0.3013851827,0.393108516531,0.264541382112,1.0
0.694853616197,0.129169736476,0.0285397492651,1.0
0.993099275267,0.706583486899,0.606137757388,1.0
0.0609159804049,0.44622018626,0.132764949921,0.0
0.903897718854,0.38571887338,0.0868313667676,1.0
0.347043494207,0.667317257983,0.45696230152,1.0
0.951914712573,0.772515441581,0.420171942094,0.0
0.772617140633,0.398378537086,0.94140615384,1.0
0.396334131122,0.252440850866,0.612345453025,0.0
0.860587654571,0.556214929079,0.80190885951,1.0
0.729731323491,0.391099286743,0.222946715188,1.0
0.832484255591,0.877818013896,0.919808873575,0.0
0.133602662578,0.512431677938,0.944550464967,0.0
0.497901221808,0.565619619446,0.670796896311,0.0
0.722525782948,0.30505400462,0.926438400329,1.0
0.323177686905,0.860952879215,0.923599683345,0.0
0.91754251407,0.972352126408,0.51937485102,0.0
0.412753815712,0.4114222578,0.525980184561,1.0
0.77716747241,0.995082377709,0.805716839182,1.0
0.22673677881,0.169309734852,0.692264884991,0.0
0.740853175253,0.631721067669,0.617399494288,0.0
0.924641118466,0.68113843163,0.985750430339,1.0
0.812875396732,0.531078485353,0.0450191876947,0.0
0.95830269582,0.181147800165,0.816831744149,1.0
0.445464262704,0.990107630596,0.0403267916233,0.0
0.924500891092,0.759676286202,0.765025970188,1.0
0.365471910427,0.641134616169,0.044380869165,0.0
0.684599493432,0.0799410742373,0.276669963926,1.0
0.935891522405,0.160770572709,0.721988742043,1.0
0.52068089073,0.696468028841,0.317953293114,1.0
0.237231097918,0.535640754499,0.337382042422,1.0
0.552134266048,0.249154517513,0.626093004781,0.0
0.689203948511,0.490691828553,0.0182696336764,0.0
0.843966315761,0.920105827597,0.452154032442,0.0
0.0129635437052,0.253875587479,0.0975833171351,1.0
0.505741931951,0.39779326731,0.307184601689,0.0
0.382259467658,0.905190282331,0.577177251672,1.0
0.994536192584,0.0796965043909,0.229159376606,1.0
0.406566260374,0.650120581884,0.697621337342,0.0
0.414619986887,0.0530100353517,0.71107163496,0.0
0.408771558385,0.830331951373,0.556154133916,1.0
0.845257356449,0.0137954093696,0.711391339842,1.0
0.666766067994,0.346559667761,0.266253251438,1.0
0.0948342031023,0.75517489029,0.502992330656,1.0
0.668026269177,0.0590449567121,0.818496534732,0.0
0.584416690932,0.0364504966363,0.290797583884,1.0
0.728313233983,0.0769281132291,0.698005650219,1.0
0.587430958375,0.559769392601,0.27420575492,1.0
0.693495126193,0.662267149488,0.529138033261,0.0
0.620209022376,0.444045782341,0.982941333115,1.0
0.181797845749,0.635941867461,0.306175928167,1.0
0.0298904711018,0.425579583741,0.752548757454,0.0
0.514118285924,0.159931468206,0.22835440478,0.0
0.169360519376,0.517703168651,0.456589095683,1.0
0.515264624226,0.390065611611,0.524068759354,1.0
0.803737429777,0.583852012017,0.589289498574,0.0
0.886812789557,0.175030835081,0.151398537068,1.0
0.575724842257,0.485761857119,0.104763974253,1.0
0.763841682237,0.10566453117,0.812210888977,1.0
0.515581555085,0.000280658347218,0.0701751146856,1.0
0.488045747593,0.942247062129,0.579993743988,0.0
0.960807599016,0.259644698744,0.914854519011,0.0
0.479056652874,0.521700895979,0.045479978419,0.0
0.202770193745,0.6898275423,0.60761144521,0.0
0.442953929635,0.922162905896,0.368414518889,0.0
0.782359730047,0.095300307434,0.2235167487,0.0
0.29648035944,0.153845235271,0.603686131089,1.0
0.3958869262,0.0626379790589,0.051593486431,1.0
0.0753688798506,0.735559392979,0.313923093792,0.0
0.517821090273,0.961035067392,0.54182630046,1.0
0.0496502426033,0.800852479948,0.445936745673,0.0
0.138669158824,0.123698406423,0.731165274668,0.0
0.974004319473,0.318087055556,0.624043566538,0.0
0.543318871351,0.821722705811,0.631833317009,0.0
0.717818641081,0.363885888421,0.465644515712,1.0
0.533543140378,0.124008888588,0.50509628393,0.0
0.357127127036,0.415305841885,0.872512655366,1.0
0.347057499527,0.273037174394,0.370643122782,0.0
0.468788464129,0.805317040816,0.0561538605171,1.0
0.212152405268,0.0581131206652,0.671308885229,0.0
0.352054250387,0.27053355027,0.99141721698,0.0
0.193143497546,0.979125471817,0.520846925558,1.0
0.836079684836,0.201110721808,0.358501495015,0.0
0.894586854035,0.743819353912,0.902787839024,0.0
0.11632638766,0.555329134729,0.13335100298,1.0
0.360613972198,0.20068730488,0.490838264471,0.0
0.797093757631,0.0601219720747,0.867754762697,1.0
0.320238779831,0.62387353029,0.336817889242,1.0
0.430291338344,0.723327691025,0.19088020977,1.0
0.171614183758,0.681897837636,0.791833444758,0.0
0.54434835284,0.808093331365,0.268593675657,0.0
0.637087671239,0.773283911178,0.0914983217455,1.0
0.269690615676,0.162377923659,0.797599551442,0.0
0.579809035781,0.539464066291,0.556298625121,0.0
0.781314422528,0.769903778235,0.497091849939,0.0
0.755236196955,0.630360273908,0.242896587721,1.0
0.883289377813,0.539546123445,0.962992432236,1.0
0.660245796003,0.264421947074,0.376693161365,1.0
0.976251510313,0.452450320562,0.903034678362,1.0
0.505292233629,0.989400224184,0.658480049858,0.0
0.191705052885,0.134512827427,0.698093986708,1.0
0.708605189893,0.862513237983,0.758939393947,0.0
0.678457078742,0.524329888124,0.137818669885,1.0
0.884611115951,0.478415305562,0.569359403822,0.0
0.62060242768,0.0937928388231,0.639285401629,0.0
0.666983250624,0.0512611864343,0.936408980123,0.0
0.633429798094,0.981345858038,0.62876640104,0.0
0.249604073116,0.0598886366917,0.818079167834,0.0
0.00326303624584,0.849328644334,0.751984009528,0.0
0.0225592261732,0.230419492235,0.233504886506,1.0
0.015439868437,0.341127740871,0.38275158568,1.0
0.350386138113,0.588071457915,0.123244066795,1.0
0.138954752884,0.336089110015,0.393309245078,0.0
0.91417983699,0.806721593924,0.217331115037,1.0
0.865801457429,0.106492391217,0.38771275147,0.0
0.316265687008,0.769026919096,0.542878913289,1.0
0.58993112489,0.330970585461,0.605426832708,0.0
0.497112404938,0.595918583298,0.491394709889,1.0
0.98687558639,0.233065487097,0.817936400188,1.0
0.90020814829,0.231377351734,0.304507642262,1.0
0.868057089204,0.984727548247,0.177868447513,0.0
0.672137205454,0.504710638391,0.774181223834,0.0
0.808060224527,0.601178261442,0.597789399278,1.0
0.941416380148,0.486050467438,0.849218719709,0.0
0.533900276217,0.968744434689,0.294282492349,0.0
0.921846864781,0.0251864607188,0.677345204735,0.0
0.285246943702,0.0220231042411,0.330791665346,0.0
0.273221711579,0.0736598283527,0.627413734995,1.0
0.244157949395,0.64372229021,0.923042965802,1.0
0.853014339618,0.839513359749,0.596566776415,0.0
0.695950220427,0.622097976971,0.194628839925,0.0
0.537267874587,0.328001673099,0.605123758489,0.0
0.211826412944,0.104627060268,0.182496412861,1.0
0.694354890923,0.618158786677,0.669852241855,0.0
0.709283302446,0.316862943265,0.913822122901,0.0
0.047435415415,0.256826142693,0.551642593783,0.0
0.34714506402,0.861763678233,0.855828747374,1.0
0.632271681026,0.652075996151,0.43309100546,1.0
0.335989343844,0.459132551182,0.917127442124,0.0
0.815431643907,0.182190193454,0.489064656725,1.0
0.701817457517,0.964710487723,0.0182610230539,1.0
0.337081971597,0.662584983966,0.773196314812,1.0
0.148811806645,0.867144243431,0.201129569946,0.0
0.402434206423,0.404143720924,0.385499173632,1.0
0.261567522527,0.00837671663089,0.716902703866,1.0
0.367165392625,0.294842751763,0.291129719301,1.0
0.831345066269,0.726585942245,0.919673555716,0.0
0.753814498569,0.867124689078,0.10688245127,1.0
0.922619446271,0.564803417451,0.811265636614,0.0
0.733143956041,0.120243755212,0.858544697049,1.0
0.0540642354984,0.183099361208,0.932921057051,1.0
0.954089380521,0.634473880446,0.464954164062,0.0
0.760491945422,0.474554235157,0.116259670745,0.0
0.221476746913,0.876628747542,0.639240667122,0.0
0.731501402865,0.511521547682,0.0809113184945,0.0
0.510546423212,0.751297242046,0.940461144605,0.0
0.567512194532,0.0565364691604,0.0201689694302,0.0
0.0168907879109,0.502747204632,0.233880796112,0.0
0.666969518993,0.0949866652309,0.520333660873,0.0
0.565592193903,0.646836661637,0.0446890235197,0.0
0.0828813254242,0.212612397194,0.759593527821,0.0
0.226548983609,0.878764878115,0.727808022385,1.0
0.603361757005,0.607588054186,0.167992573341,1.0
0.121812518987,0.15665887162,0.0782128461826,1.0
0.305959880692,0.302557553222,0.0319188008363,0.0
0.806255897108,0.394581763141,0.519744940535,0.0
0.119819652768,0.00896389812803,0.376648847376,1.0
0.698394281858,0.799180699414,0.787095086736,0.0
0.400941558315,0.433963627617,0.570177911261,0.0
0.261854451479,0.687104415404,0.549686728366,1.0
0.685116994025,0.450059299865,0.00179063236698,1.0
0.56867431067,0.700470225498,0.345184646937,0.0
0.126511386263,0.805059597738,0.270158930226,1.0
0.934069028261,0.0738387702206,0.625137160369,1.0
0.250702921354,0.580401198177,0.446254689834,1.0
0.255533110701,0.10961489809,0.638679299124,1.0
0.429333848769,0.689612710795,0.138655119817,0.0
0.578022237829,0.94299528806,0.736226176021,1.0
0.788289201347,0.704969487512,0.30384296381,1.0
0.821292470561,0.90789832706,0.381693186903,1.0
0.41499544004,0.610565299824,0.691200910022,0.0
0.183834411565,0.506863178062,0.27566430242,0.0
0.384392694618,0.287329059957,0.247811303998,1.0
0.30172035046,0.187430222875,0.08135169373,1.0
0.164975062397,0.855257455411,0.50263715557,1.0
0.456843096388,0.769800097375,0.306687830329,0.0
0.582683450792,0.757350273437,0.927334823465,1.0
0.444371603103,0.262393974592,0.545320132911,1.0
0.28363425299,0.115784024974,0.847579940974,1.0
0.648490517373,0.354245773472,0.395416329701,0.0
0.846955093371,0.164029465475,0.296329606239,0.0
0.332180908355,0.280965996026,0.0972022777913,1.0
0.209204043552,0.278991520906,0.798142016156,0.0
0.000665228441402,0.0779227027549,0.243132648103,1.0
0.0572626534616,0.35614482772,0.30129648278,1.0
0.511459439743,0.815940691717,0.179443131856,1.0
0.453069859648,0.307931231362,0.178188455288,0.0
0.345247521476,0.984608904303,0.0435091072986,1.0
0.297731168566,0.730471599376,0.012331456465,1.0
0.899055202684,0.0982849427954,0.0517580391595,0.0
0.321763891961,0.234987405012,0.252707290413,0.0
0.473569650827,0.317973273131,0.40319667066,1.0
0.223036764387,0.00392520576213,0.894646317867,0.0
0.0503228245035,0.541731350902,0.0947777963725,0.0
0.424940026036,0.427002849641,0.145374133558,0.0
0.586560727321,0.402079260001,0.480320083001,1.0
0.364723343382,0.936064337426,0.145370437929,0.0
0.73796119777,0.977946848697,0.839036326849,1.0
0.242420917633,0.832391371109,0.609611658911,0.0
0.393096522424,0.680100334492,0.909685342996,1.0
0.773432310756,0.337051270075,0.240649648412,0.0
0.0339083426587,0.447134198164,0.764703443644,0.0
0.288490620602,0.496156723125,0.0843164516452,1.0
0.739786809888,0.114555265074,0.727420490405,0.0
0.452516138226,0.436959349115,0.599908819382,1.0
0.218322988526,0.768336282777,0.99466184068,0.0
0.980320582306,0.685322563898,0.273680730127,0.0
0.832552368432,0.13146408692,0.251580419432,1.0
0.213700993124,0.771493546387,0.384003089529,1.0
0.323317132647,0.441311474701,0.264035472601,0.0
0.335928714024,0.663519932592,0.880201818932,1.0
0.94436532274,0.962438935492,0.40375032312,0.0
0.0578424800939,0.592827270268,0.0235820381918,0.0
0.940578865514,0.895053486035,0.943051840227,1.0
0.514621570738,0.67125354734,0.622751707787,0.0
0.0261298126688,0.352142917494,0.157209916689,1.0
0.785815219587,0.724287927361,0.180550850421,1.0
0.0169409689182,0.306044605014,0.710612506526,1.0
0.751302473301,0.22592288193,0.734394237275,0.0
0.911121353515,0.56534193287,0.0571128978183,1.0
0.257547492292,0.055332928635,0.747844343281,1.0
0.242417550369,0.897384326548,0.616930600959,1.0
0.974491310659,0.239730834431,0.997569098518,1.0
0.147186120106,0.0361589990851,0.559387412839,0.0
0.278828168368,0.373793601791,0.313630355612,0.0
0.390513679747,0.77020205008,0.853806926387,1.0
0.946765482725,0.0432635797541,0.648597200164,1.0
0.591959637978,0.0232995745492,0.259909208031,1.0
0.755186560745,0.271958926996,0.220823577029,0.0
0.994936419944,0.95986507168,0.897366293516,1.0
0.137889136846,0.384428950309,0.654830065928,1.0
0.0513997109727,0.911214942316,0.42175699003,1.0
0.348654266683,0.437165037171,0.716577348302,0.0
0.147675755978,0.0344131908611,0.424775984876,0.0
0.606173135004,0.256134610656,0.70572959596,0.0
0.4004508315,0.320875401908,0.168700447735,1.0
0.831538020647,0.0771319914609,0.378911343252,0.0
0.675072583658,0.0609899335008,0.902886922779,0.0
0.247722689492,0.973165110342,0.787367009069,0.0
0.979916372657,0.419801081596,0.104349637119,0.0
0.699646863321,0.378748013775,0.805248225174,1.0
0.990133658093,0.284588623245,0.680486700844,0.0
0.429969537524,0.42701456171,0.5523731689,0.0
0.877573590244,0.382682051864,0.241392224294,1.0
0.819392937148,0.46356109958,0.359169353506,0.0
0.467873150689,0.268478145818,0.0670632391108,1.0
0.150614960079,0.632823127977,0.353912377316,1.0
0.000253462143421,0.648253789035,0.481669558232,0.0
0.928705072157,0.412852100294,0.919984462843,0.0
0.184698441993,0.578192131628,0.729078742987,1.0
0.559147115371,0.596137811982,0.582607278541,1.0
0.104862355023,0.677155324094,0.765388915435,1.0
0.348299168971,0.879264990684,0.0613324116836,1.0
0.138579767898,0.117883430524,0.327490136022,0.0
0.937569247836,0.908001117139,0.881529685245,1.0
0.482682520398,0.834486151466,0.45418631232,0.0
0.310824284354,0.310315539034,0.949997467544,0.0
0.322281001335,0.149647423836,0.658155774913,0.0
0.913218443131,0.316826594088,0.175237984269,1.0
0.379228753175,0.121991023987,0.895532240872,0.0
0.865537577187,0.939345103488,0.0154770300852,1.0
0.423257857404,0.228403979635,0.212095515469,1.0
0.010052113754,0.152294529457,0.995549741321,1.0
0.18738831059,0.266360706238,0.964809000466,0.0
0.951631361836,0.124013339969,0.473283628862,1.0
0.701441784315,0.518770295043,0.307192673613,1.0
0.0457579023937,0.0749306594866,0.400420428774,0.0
0.559944484239,0.610504222926,0.423553673847,1.0
0.227018744495,0.0474139046968,0.526952054662,0.0
0.487317119097,0.621338239951,0.665881623701,0.0
0.971688109307,0.341535934629,0.0684950096942,1.0
0.745017177969,0.632513522308,0.374617203325,1.0
0.731139878024,0.360672129212,0.299914540277,1.0
0.593887291249,0.841154371429,0.440145800846,0.0
0.762453531917,0.425529339573,0.0881063613055,0.0
0.881513800189,0.353695017915,0.124469071926,0.0
0.928917980462,0.237544089376,0.142886094601,0.0
0.31628634335,0.698768588619,0.995478317559,1.0
0.43780885472,0.603782345853,0.551511886074,0.0
0.516268772293,0.0670671231877,0.461842918364,1.0
0.83238526894,0.228633265829,0.313970701247,1.0
0.127939272897,0.449440309754,0.446037444021,1.0
0.192012779037,0.815641921141,0.866756595105,0.0
0.502318119854,0.703929481054,0.727583261258,0.0
0.194504324711,0.162663521918,0.18223700676,1.0
0.473926733863,0.131411595358,0.943613042524,1.0
0.188004793899,0.871818309835,0.37700194298,0.0
0.431189838872,0.353013718262,0.978788400026,1.0
0.0800148179561,0.769485038794,0.339774437234,0.0
0.759911556502,0.900947907635,0.459100407459,0.0
0.716728821934,0.131301684715,0.04714121818,1.0
0.8220912448,0.732817827663,0.421445152604,0.0
0.171029797394,0.234818228071,0.603427635182,1.0
0.102283705416,0.662377738156,0.521452169562,0.0
0.520565458258,0.83012953024,0.921495548201,0.0
0.706425511955,0.594124880814,0.859134061817,0.0
0.457492397635,0.69605910447,0.0644292263896,1.0
0.0703980697719,0.934858780248,0.459907626905,0.0
0.582457050645,0.114990301806,0.705036313728,0.0
0.934572218235,0.562608115044,0.883643340397,0.0
0.860864607651,0.360936313216,0.42568599831,1.0
0.213111507598,0.524809153946,0.620915393319,0.0
0.776620745681,0.483389435214,0.931955602544,0.0
0.454773747613,0.273299073401,0.223261830773,0.0
0.165760170171,0.846899972942,0.992292331382,1.0
0.138636309522,0.683807202672,0.949819075457,0.0
0.863388495441,0.455378462963,0.460329179892,0.0
0.933812787064,0.0765394176198,0.36384213853,0.0
0.779395989575,0.281503638071,0.766116571423,1.0
0.504996487874,0.0340656223926,0.667158040361,1.0
0.526338607003,0.0333345036095,0.240668412004,1.0
0.556691745723,0.12997144762,0.590578463177,0.0
0.269212265432,0.318654748102,0.462495195153,0.0
0.164373186551,0.20934134477,0.934874881427,1.0
0.369249261397,0.329751329203,0.44396426904,1.0
0.169411091981,0.123847784811,0.681586346432,0.0
0.0367404329814,0.837548769131,0.347996365236,0.0
0.646686273722,0.170128080034,0.859013894619,1.0
0.352041347845,0.142175885193,0.128532327541,1.0
0.372261316742,0.536315869024,0.137115696172,0.0
0.513038914043,0.374930216373,0.905581550852,0.0
0.335661526666,0.500167245458,0.191127424046,0.0
0.172405586824,0.528945117179,0.88623155906,1.0
0.483596512,0.0429940354175,0.129868149669,1.0
0.295663774705,0.549038006101,0.119212061903,1.0
0.120889418613,0.413768933602,0.820312501661,1.0
0.40545875252,0.108928478926,0.372628886088,0.0
0.308441211412,0.0255866591315,0.820061856428,1.0
0.856268263674,0.806490776101,0.534140728639,0.0
0.368290684883,0.456996421946,0.845677157201,0.0
0.13369795647,0.819499162882,0.744993374266,0.0
0.410245639021,0.080710900039,0.0360800971208,0.0
0.452967197492,0.367260662611,0.0189011180309,1.0
0.982988074232,0.734016982155,0.128015220001,1.0
0.966345005396,0.483810176298,0.107142104387,1.0
0.36467951684,0.960939600654,0.582087881733,0.0
0.211203084444,0.456891443838,0.516182800997,0.0
0.767875777021,0.788399038842,0.838925861609,0.0
0.781598831448,0.820002105509,0.14084802401,1.0
0.949810789992,0.960123880889,0.331985064238,1.0
0.0947423726426,0.675312946686,0.104901527325,1.0
0.554763673508,0.512780570784,0.148244570192,1.0
0.825365214645,0.218292855853,0.995902982103,1.0
0.81593156378,0.571355180374,0.32385205196,0.0
0.268055280082,0.79572146513,0.551523780905,0.0
0.516996939054,0.694142162507,0.256309867039,1.0
0.476153425149,0.891784114262,0.794585014074,0.0
0.0470903757436,0.100704528834,0.965571255856,1.0
0.131482101511,0.608375937243,0.322629210563,1.0
0.335604226383,0.966804113112,0.0270584696181,0.0
0.279146575214,0.583505937171,0.295637414538,1.0
0.681789118937,0.0162217449506,0.118006281808,1.0
0.0297280609169,0.882625862457,0.0380692093131,0.0
0.276400636994,0.491767660745,0.979723448368,1.0
0.00213144514108,0.218248579758,0.448679824536,0.0
0.843580995544,0.761463269211,0.0952920671041,1.0
0.471936700556,0.85473882485,0.716596481101,1.0
0.0389527381514,0.680607768029,0.432509416735,1.0
0.0884299919203,0.848922198195,0.224749168572,0.0
0.0245237978437,0.347753217928,0.569118866534,0.0
0.594678979529,0.632196821856,0.542812992938,0.0
0.597782931934,0.626607315803,0.459629782487,1.0
0.978808502925,0.890268902313,0.191387890208,0.0
0.913543237869,0.449559573916,0.839573795051,1.0
0.942848819172,0.195877621533,0.897980513375,0.0
0.850791980259,0.606907560974,0.930784732161,1.0
0.928752070605,0.697375828495,0.20982928166,0.0
0.363132829216,0.464694011524,0.121760189893,0.0
0.772152262298,0.398896964837,0.484432378241,0.0
0.871462790216,0.537349958515,0.218238746524,0.0
0.441985018505,0.815101853681,0.247214501449,1.0
0.327740227224,0.481656243576,0.129238264777,0.0
0.889472954261,0.649690132397,0.0472657019342,0.0
0.859816887692,0.70545662078,0.0909578185142,1.0
0.695806531598,0.0486790063313,0.72504842783,1.0
0.437545650698,0.57237585314,0.84618817388,1.0
0.590715900145,0.54000172592,0.0190164051288,1.0
0.365774119111,0.460213919973,0.394248503658,0.0
0.404224248081,0.414196812871,0.81607238185,1.0
0.195898294955,0.690167993813,0.982446208805,1.0
0.742728846702,0.23900311022,0.136681401159,1.0
0.0998128437178,0.404090563783,0.372414167502,1.0
0.00574238473206,0.575451312353,0.847282175427,0.0
0.721758451704,0.131832990254,0.468259497026,1.0
0.0359383801745,0.0711991596758,0.768158582976,1.0
0.10071769127,0.633707002958,0.0831724950477,0.0
0.877944443673,0.781058313092,0.329825081434,0.0
0.233556640552,0.0523084539603,0.423191193425,0.0
0.815776960373,0.438475424056,0.34274058868,1.0
0.614843990863,0.345561535119,0.866482353691,0.0
0.14830258982,0.500325151644,0.381607144821,1.0
0.319519048348,0.180116153476,0.13124995795,0.0
0.029792023883,0.776270316986,0.128009435747,0.0
0.967185527691,0.347824664264,0.0535862550941,0.0
0.383296301437,0.242092185582,0.69016531858,1.0
0.475152574599,0.535131288213,0.463576550519,1.0
0.923836358797,0.641524340608,0.762285439286,0.0
0.763487687634,0.329868589565,0.608773575669,0.0
0.328464858246,0.614443285337,0.316137146611,0.0
0.0169314957334,0.474333048409,0.313032526499,1.0
0.396370332954,0.142118146037,0.0594792224397,1.0
0.930463410925,0.927515683503,0.903238469233,1.0
0.523100271836,0.322228505738,0.903227361567,0.0
0.168680890305,0.147060202592,0.532065320926,1.0
0.0923690747992,0.806774003388,0.481390110521,0.0
0.570001322237,0.533521057827,0.885466636433,0.0
0.333512436991,0.274501705322,0.236873381915,1.0
0.443212008412,0.536815256768,0.0676143333062,0.0
0.758664923695,0.347960208748,0.254770130264,1.0
0.28733246701,0.511455743481,0.459741928528,0.0
0.31802418306,0.379560656777,0.313568032963,1.0
0.179277380716,0.642695455789,0.19815834367,0.0
0.254112506915,0.221006331858,0.330273619869,0.0
0.0769125237453,0.770126298038,0.276217682188,1.0
0.466549899144,0.841085137571,0.652722273332,1.0
0.460971545058,0.585131743173,0.987722362702,1.0
0.100523609926,0.538179394471,0.847841380004,0.0
0.331126258761,0.11193479801,0.17930727824,1.0
0.128410943436,0.0977333017782,0.980560796872,0.0
0.0462087197464,0.712029052555,0.532558122916,0.0
0.320569209584,0.916149898505,0.661164570977,0.0
0.569090687079,0.736219009552,0.922247514983,1.0
0.27005774679,0.181151939399,0.956992704681,1.0
0.985297687808,0.148624722388,0.475632159871,1.0
0.692646726251,0.017454381207,0.286518512324,1.0
0.90180147506,0.162956908659,0.171877045194,1.0
0.515581931727,0.555381057985,0.0710312540909,1.0
0.349181261573,0.379827024865,0.340003413464,1.0
0.674437454102,0.938239314451,0.426492605179,1.0
0.739450696474,0.311715779675,0.0555072958485,1.0
0.147979646591,0.666362634075,0.353241959766,1.0
0.935503834061,0.944032426248,0.230655755205,0.0
0.0214644917539,0.396827405932,0.696028090289,0.0
0.815236784243,0.752148443686,0.779758538098,1.0
0.518966447515,0.741580238572,0.682073613436,1.0
0.0780770293286,0.553410439377,0.902917077949,1.0
0.330495545598,0.240928288905,0.440776623234,1.0
0.213522305929,0.189498605858,0.54299482006,0.0
0.0897380563656,0.0263967183472,0.384789595629,1.0
0.934355436702,0.104972795836,0.443401105614,1.0
0.55702450678,0.785635990112,0.727893807143,1.0
0.153413460622,0.115848698547,0.104257304823,0.0
0.961388954774,0.343232882494,0.566794490507,0.0
0.359483373187,0.122766052171,0.821413178065,0.0
0.664101865015,0.695020723193,0.944230508168,0.0
0.325722192278,0.40946022446,0.657237576265,0.0
0.373054944747,0.587494596783,0.0447194000381,1.0
0.909608969515,0.245441435297,0.264953295602,0.0
0.4225697731,0.889514590788,0.150261205597,1.0
0.809341941415,0.531519766417,0.695687128379,1.0
0.590800682266,0.504852077187,0.612108028476,1.0
0.0124043231309,0.201719030783,0.677943398986,0.0
0.900722025807,0.0934867244937,0.478463881266,0.0
0.378505011152,0.169673075357,0.179285085785,1.0
0.655211244135,0.501335737539,0.467483390097,0.0
0.23309796283,0.21276949192,0.867026200703,1.0
0.586216851198,0.0493891813597,0.479697618113,1.0
0.166891696205,0.586538515054,0.0785077515334,1.0
0.143957063753,0.90252111944,0.775938168876,0.0
0.753819487718,0.997925907714,0.148487184714,0.0
0.159107183471,0.301325517454,0.434967298962,0.0
0.235251815935,0.714329931658,0.29554465453,1.0
0.929870226864,0.541545066861,0.863373336315,0.0
0.220069743863,0.707914370514,0.610302393012,1.0
0.758081340293,0.752023257471,0.810490462664,1.0
0.846079834202,0.850964716725,0.695482506975,1.0
0.7521889403,0.994115141796,0.551869630556,0.0
0.982011809218,0.170709653998,0.903761097474,0.0
0.255990345214,0.616107813106,0.786726841972,1.0
0.851629668142,0.66517713223,0.934187582966,0.0
0.672193322833,0.377655049932,0.481076570637,0.0
0.44330188215,0.815033459037,0.692356822707,0.0
0.590950734045,0.586132508531,0.441721166358,1.0
0.948272324399,0.241772515622,0.00741413960885,0.0
0.104299952321,0.956056881462,0.500109017443,1.0
0.571595861542,0.367953582493,0.0417696066727,0.0
0.533135815427,0.633070527467,0.643228110425,1.0
0.509695217488,0.44726710622,0.397295834947,1.0
0.0236103803459,0.505136659926,0.45105574895,0.0
0.290891632559,0.860285191542,0.134241032235,1.0
0.880120056029,0.166513505806,0.637207049264,0.0
0.477318986387,0.815573664916,0.286661106273,1.0
0.987781989238,0.167205988645,0.349999169893,0.0
0.0159441000883,0.975484767433,0.207173203896,0.0
0.634264222991,0.361739578744,0.0285665596541,0.0
0.580319322267,0.045429997186,0.552008646922,1.0
0.325130307044,0.803424354806,0.203226590731,1.0
0.292438593776,0.929219343283,0.630027944517,1.0
0.480252211089,0.617276257764,0.262177282983,0.0
0.0176562004333,0.766041829133,0.0832472231661,0.0
0.625433784581,0.292972853793,0.442049858017,1.0
0.548900195446,0.179960708434,0.432104821233,0.0
0.958998511667,0.614157208079,0.872288880422,1.0
0.0926563319767,0.08197961837,0.336353030094,0.0
0.413903331681,0.518581797395,0.929142616546,1.0
0.858970406082,0.888687427678,0.469730931756,0.0
0.967671433596,0.41402195281,0.477058222458,0.0
0.523544329685,0.327974199402,0.325358051751,1.0
0.416981444392,0.408832593139,0.912724985302,1.0
0.885051235894,0.473688820109,0.00222654966874,1.0
0.143524938432,0.667276253093,0.9696035837,0.0
0.345425956248,0.345272989825,0.583153956704,1.0
0.541187265136,0.813733925496,0.900504287953,1.0
0.102013350806,0.264493404815,0.582769542803,0.0
0.229824912288,0.87592134244,0.939642537378,1.0
0.387414009616,0.88074035844,0.0307429806201,1.0
0.206186413553,0.478032588693,0.847983240121,0.0
0.448647694785,0.347982397663,0.432943501336,0.0
0.702130351793,0.350165328946,0.853771041314,0.0
0.98250309203,0.215173347085,0.00911552024982,1.0
0.974488128245,0.0526777250096,0.375306152276,0.0
0.759171102396,0.730416926996,0.206071162222,0.0
0.333478816679,0.834789556538,0.810755408369,1.0
0.645621200348,0.264290144307,0.916911902657,1.0
0.692562856764,0.269611806588,0.86257930207,1.0
0.90443191235,0.874802276721,0.295381396782,1.0
0.581542085479,0.310899968081,0.56911237648,0.0
0.157660458569,0.910318840118,0.366354501145,1.0
0.326798703511,0.53982581729,0.88808872166,0.0
0.861681788903,0.352678455587,0.00567387756959,1.0
0.482384195436,0.138643766476,0.214827028524,1.0
0.313548924547,0.778666851595,0.901494541513,0.0
0.353681584015,0.286744573691,0.3723118295,1.0
0.987386372551,0.423447863929,0.594811526726,0.0
0.747082863917,0.940625232376,0.689524856646,1.0
0.879444966653,0.918314011021,0.415271224527,0.0
0.279254985506,0.896071287284,0.547505877761,0.0
0.740738545906,0.727532921551,0.808411773807,0.0
0.447233996078,0.35074695619,0.422676038298,1.0
0.659232364091,0.552770599626,0.443734618923,0.0
0.630365835251,0.658808663023,0.28541947473,0.0
0.240205036789,0.947011126799,0.171558263329,1.0
0.750609249776,0.0064160591275,0.985980950547,0.0
0.880124717682,0.686551454388,0.313736450222,1.0
0.617683559646,0.629719583404,0.996720833287,1.0
0.171205543638,0.619613574257,0.204691971625,1.0
0.955413020475,0.488203529136,0.556778060003,1.0
0.19990456159,0.270222697182,0.092779529224,1.0
0.814525752596,0.639918307453,0.708687419569,0.0
0.713947307543,0.478567739766,0.844923840825,1.0
0.706772120323,0.359284779062,0.410829860398,0.0
0.874166536279,0.0272952283826,0.116342955365,1.0
0.00911776509409,0.799316339796,0.702946920921,1.0
0.80439359447,0.335710961923,0.881803154517,0.0
0.708991047776,0.509008500291,0.824632988885,1.0
0.874178525365,0.0731620656488,0.958465864505,1.0
0.429385080192,0.683601474598,0.180952870697,0.0
0.491460325731,0.67934677664,0.218934782966,1.0
0.923770064698,0.385637551621,0.430437119883,0.0
0.820475091193,0.204579376679,0.0806955437479,1.0
0.570531420886,0.787505273051,0.504455416951,1.0
0.198844498194,0.81930529644,0.117738553099,1.0
0.0721032402977,0.542529863291,0.954959713533,0.0
0.833658363637,0.399411567566,0.858778158319,0.0
0.680853733768,0.203745738767,0.873881845148,0.0
0.935968275902,0.820799159402,0.858990097182,0.0
0.581619078637,0.507301986802,0.429491687949,0.0
0.21411303623,0.765088603777,0.397444023047,1.0
0.545909993323,0.558698781459,0.950997677877,0.0
0.895168173641,0.21007314642,0.554353173844,0.0
0.960408918391,0.389813684596,0.334841239349,1.0
0.77188628306,0.667710807589,0.726659051317,1.0
0.331518906884,0.0191145974665,0.474020539118,1.0
0.649330832439,0.942492735063,0.277217564367,1.0
0.147636331008,0.810835249342,0.513177814276,1.0
0.963240798164,0.967675556793,0.0109497519817,0.0
0.94341817396,0.15131519137,0.80314196166,0.0
0.187071427747,0.41347355482,0.937940358578,1.0
0.253788251998,0.698968235697,0.00520742861939,1.0
0.554774135274,0.962263219076,0.503783810318,1.0
0.432106095958,0.248592197902,0.556447194307,0.0
0.938559531671,0.760554279764,0.00786750342108,0.0
0.597466846828,0.617433746764,0.0486673309623,1.0
0.725993451774,0.132442297157,0.596023749007,1.0
0.362874943971,0.683559600217,0.474233923741,0.0
0.218227392457,0.718092187154,0.675460810593,1.0
0.273122478476,0.54044159287,0.887048238679,0.0
0.910555408609,0.889753307373,0.177420641333,0.0
0.00606866946629,0.994218458308,0.251657764152,0.0
0.0355461992494,0.923618043244,0.161637539183,0.0
0.148436667876,0.53373345633,0.455819490284,1.0
0.968626462664,0.209397662967,0.0242415850616,0.0
0.0490963836059,0.918194424193,0.0296008748743,0.0
0.358433419821,0.463217281682,0.719773207923,1.0
0.0134989541507,0.903090796326,0.669529318089,1.0
0.923013098482,0.848106255082,0.793324876752,1.0
0.560923555283,0.334931594708,0.336291224735,0.0
0.601545854049,0.61968828255,0.295307437182,1.0
0.780148227091,0.00804925480901,0.208996964275,0.0
0.759836328033,0.663183351067,0.82171855016,0.0
0.0526112846642,0.930423485884,0.211505261409,0.0
0.972298929667,0.132882944204,0.501179336479,1.0
0.325994292249,0.820074953251,0.733077503279,0.0
0.872122984352,0.0194758373803,0.833490449857,1.0
0.609135327196,0.51017205977,0.638376884629,0.0
0.723773646828,0.908294055872,0.897903767422,1.0
0.846811284034,0.45180588093,0.186768033758,0.0
0.79427228274,0.57938621928,0.808115848925,0.0
0.687940942149,0.486453871089,0.15555566098,0.0
0.361616758989,0.362018434991,0.0069096430679,1.0
0.473024278242,0.520524945445,0.524820311489,0.0
0.710277373718,0.0757940357371,0.0758202636533,1.0
0.856937774181,0.167683315743,0.246871772364,0.0
0.394190956843,0.539496164248,0.649131925198,1.0
0.542955504141,0.105822963224,0.662400145775,1.0
0.671584554544,0.547926984705,0.00856237594927,1.0
0.513638055224,0.51081918132,0.740030008532,1.0
0.433234770195,0.445578084794,0.335522634115,0.0
0.587208704469,0.834678717813,0.0650105628881,1.0
0.822945665363,0.542748616054,0.332532221044,0.0
0.242847334458,0.150768111829,0.521454905899,0.0
0.450946702808,0.519232536772,0.151544084915,1.0
0.159201182553,0.25949742548,0.189902896918,0.0
0.284895531653,0.760792077711,0.0250993076667,0.0
0.085564822413,0.0373158997859,0.102449002877,0.0
0.419720853655,0.14360660057,0.993610741313,1.0
0.656553224498,0.874851892335,0.227410176751,1.0
0.957373952314,0.383279361528,0.606345408981,0.0
0.675929996478,0.456930911837,0.837302856609,1.0
0.334854293626,0.0893826253266,0.582516212576,1.0
0.964581054588,0.103228590188,0.197154244219,0.0
0.748810005333,0.363554367841,0.711137148584,1.0
0.520653122013,0.626086474018,0.643852445546,1.0
0.831574726838,0.262488891612,0.959372249862,1.0
0.53939129185,0.376922928623,0.943457959454,1.0
0.347274718052,0.356838117748,0.325355748772,1.0
0.742617372034,0.126128113591,0.569077673275,0.0
0.770795453066,0.138160115231,0.815352736156,0.0
0.962770034335,0.366834748839,0.256648782614,1.0
0.954884258007,0.301515412152,0.574024654743,0.0
0.388048493023,0.548305887782,0.983934987054,1.0
0.708698314601,0.487978258954,0.781186009244,0.0
0.842491580897,0.778829336806,0.173570638423,1.0
0.884544095121,0.723981346123,0.762261447713,1.0
0.81846161656,0.584694624652,0.987649101007,0.0
0.45892834483,0.928434725323,0.653650284022,1.0
0.982091387017,0.0918366852608,0.061986977449,1.0
0.762455692745,0.789125200358,0.641605986928,0.0
0.00933218879461,0.0678257173878,0.304272034716,0.0
0.561913139262,0.139708432156,0.984485825403,1.0
0.0246976946134,0.892063524902,0.818077236509,1.0
0.791162616659,0.214263406392,0.198350654604,0.0
0.0709013833688,0.012978933338,0.691323579791,1.0
0.000610891219931,0.959521991385,0.551338189118,1.0
0.857960009443,0.725082279066,0.229745910159,0.0
0.18197785293,0.819546065731,0.380334908362,1.0
0.994310444098,0.281688856752,0.126778004931,1.0
0.924916627079,0.504879486328,0.0778836169205,1.0
0.0505377698316,0.066953749021,0.753720858339,1.0
0.923428253723,0.745249279237,0.0779785811316,0.0
0.833786671172,0.0195700630197,0.338090263782,0.0
0.917735049952,0.878749199652,0.288797290175,0.0
0.834494323623,0.750566190591,0.818253887271,0.0
0.035077290397,0.807904447736,0.966573319435,1.0
0.712644598957,0.516231349623,0.0826199805737,1.0
0.384778458759,0.0591179987952,0.404760217462,1.0
0.964571915047,0.869153945732,0.296173438762,1.0
0.592402773259,0.0343303198139,0.688356312476,0.0
0.522151696388,0.432689277542,0.955278094943,0.0
0.988496101691,0.951687896558,0.194255104519,1.0
0.426426298266,0.0770526955292,0.258956447365,0.0
0.639920637289,0.736682338368,0.0631398143305,0.0
0.958228334816,0.207014727062,0.145649005478,1.0
0.810406707899,0.926938177636,0.867177703867,0.0
0.726675033443,0.59603910322,0.0183809497125,0.0
0.0652404971714,0.865203149607,0.328531256717,0.0
0.444422906616,0.666224716364,0.250986049519,0.0
0.473439318878,0.626119530314,0.69901578326,0.0
0.335654273001,0.728481339596,0.481906120555,1.0
0.577742035438,0.332688964783,0.00536116278536,0.0
0.0176533795494,0.392323749542,0.392113485844,1.0
0.416679991148,0.634417886051,0.147409805983,0.0
0.397112037788,0.611156576259,0.207427381233,0.0
0.44662573597,0.800780600039,0.818256729745,0.0
0.567190405458,0.0838692544762,0.507180266314,1.0
0.0803859771775,0.682739519063,0.315008227244,0.0
0.633582519403,0.766764283481,0.437732455092,0.0
0.558263898605,0.984677685811,0.508309537804,0.0
0.76855943673,0.866522285665,0.473811369272,0.0
0.0111749410076,0.0814260367886,0.382979231247,1.0
0.521540119349,0.822323979349,0.678900270063,1.0
0.088545450687,0.726782701643,0.931195885266,1.0
0.824473086943,0.621516708972,0.731396680619,1.0
0.487530585652,0.33949660983,0.113292314912,0.0
0.197251978163,0.0728308635699,0.803911888015,0.0
0.972751648998,0.100895252821,0.976672712846,1.0
0.58782300084,0.900807263469,0.642672138409,1.0
0.0454966083801,0.0168381199991,0.701226544303,0.0
0.0785708819184,0.794347419161,0.864474607751,0.0
0.90364432385,0.40631689822,0.996198818893,1.0
0.0263516359698,0.840737068792,0.161821822255,1.0
0.984160819536,0.341140924857,0.665678892149,0.0
0.156718354987,0.307728210323,0.509748267205,1.0
0.749448995865,0.954102677742,0.266521837754,0.0
0.223016503115,0.470738837742,0.175699908125,0.0
0.178207444889,0.771766968237,0.124227795695,1.0
0.0093596452911,0.718324503559,0.000306962884337,1.0
0.0676996450493,0.0254940846067,0.412044951982,0.0
0.492375194807,0.922412063961,0.866900835643,1.0
0.946604902305,0.336976408864,0.00718399997439,1.0
0.072349867655,0.671393517603,0.991471554705,1.0
0.4153922848,0.829038034071,0.53282949047,0.0
0.293980320627,0.259910938958,0.804264194637,0.0
0.903260285893,0.429981902155,0.286405468494,1.0
0.443945850885,0.496545812389,0.0544339575844,0.0
0.0967822167875,0.300784996358,0.905914435357,0.0
0.561257343096,0.0732013200219,0.0804537155235,1.0
0.584713467167,0.64035237103,0.514129905567,0.0
0.732627792525,0.493527147662,0.0491338141488,0.0
0.663687155447,0.658743304726,0.93423886693,0.0
0.600801702411,0.392491050273,0.201421511709,0.0
0.883900661515,0.97452348029,0.684527914477,1.0
0.568150887705,0.227348778388,0.0784640592751,0.0
0.768510990173,0.751275615596,0.147912436698,0.0
0.98508095786,0.937446171276,0.75685245116,0.0
0.634309573516,0.175136080312,0.628915835814,1.0
0.0799267353329,0.256785202158,0.131121142455,0.0
0.0920329429973,0.525379385372,0.445790201548,1.0
0.740018602669,0.424910412551,0.752032376515,1.0
0.25305496506,0.693067093453,0.793550182403,0.0
0.88067999633,0.874801036423,0.240800733983,1.0
0.262630572776,0.254770802535,0.620808587303,0.0
0.677941910453,0.808125896003,0.231718695841,0.0
0.892619290929,0.0769377401948,0.394091439279,1.0
0.866904122995,0.987028669671,0.621722946317,0.0
0.222718229901,0.0374069897236,0.58223554094,1.0
0.827050545453,0.649821848446,0.174946915072,1.0
0.542419915536,0.189203731498,0.988348131095,0.0
0.210506758445,0.635697296964,0.732329614033,1.0
0.842719137283,0.914245897785,0.89523526936,0.0
0.124579346299,0.0786384143698,0.507629624852,0.0
0.413330941587,0.439461948209,0.278607022008,1.0
0.607444942375,0.0440678483824,0.148858405248,0.0
0.701030769183,0.468817793242,0.608941548671,0.0
0.40925484077,0.362560569428,0.91207548325,1.0
0.674478658454,0.469148871783,0.374353223846,0.0
0.638475046439,0.0917949363762,0.292032205186,1.0
0.267389912114,0.511022072545,0.354816365054,0.0
0.738178862109,0.795093346875,0.570760062282,1.0
0.428928506542,0.0450306737982,0.388541768512,1.0
0.0819072323781,0.314559851116,0.00156341216881,0.0
0.12089698292,0.885096976466,0.837302353723,1.0
0.0713328586219,0.154595659844,0.0176219282623,0.0
0.850192074605,0.977859451879,0.0560516704654,1.0
0.860249928574,0.24767701127,0.16989312639,1.0
0.634582771966,0.158738760774,0.665652334704,1.0
0.0447267357177,0.48225873056,0.508028198559,1.0
0.376168532269,0.529167304666,0.157018287681,1.0
0.707861719868,0.931057303747,0.822620987429,1.0
0.141518653452,0.657736339122,0.601097045857,1.0
0.161400556192,0.933492194745,0.89591067107,0.0
0.621567248829,0.539761483235,0.198946842591,0.0
0.901087250215,0.0570866528395,0.826028778141,0.0
0.378991279865,0.241904754738,0.761100387471,1.0
0.393891099446,0.566839830101,0.876980124117,1.0
0.683333127333,0.265600783494,0.351334996197,1.0
0.728330819541,0.266536526857,0.693643002637,0.0
0.851183655615,0.647689778298,0.226068779535,1.0
5.18634690821e-05,0.223034589939,0.352246284833,1.0
0.657529868223,0.482217017818,0.95042353324,0.0
0.686351136913,0.183326726717,0.616447410685,0.0
0.494400135905,0.560772587149,0.185337700409,0.0
0.74814636622,0.967135480435,0.372458746864,0.0
0.859713008752,0.391993355924,0.401509042409,0.0
0.301131856116,0.383775481858,0.586293608777,1.0
0.20186132887,0.91871765204,0.476719938294,1.0
0.96008739923,0.656364645548,0.043664847939,0.0
0.945620680328,0.340044055983,0.117514320501,1.0
0.590047298481,0.713713471746,0.0630604481942,1.0
0.930945334231,0.526739657352,0.881379047753,0.0
0.194710780967,0.654662909496,0.987497514653,1.0
0.225179262623,0.0504780282288,0.672218829858,1.0
0.178141611685,0.297976988585,0.615573527191,1.0
0.335121469208,0.91521586633,0.524816618918,0.0
0.241519033422,0.259266263333,0.196685526298,0.0
0.502921860623,0.113093521279,0.156563593722,1.0
0.409083132756,0.232178063648,0.111798259792,1.0
0.942501814811,0.289361624929,0.825483815016,1.0
0.517602782385,0.916358462279,0.836467032454,1.0
0.0301805436948,0.809720296998,0.619029935798,1.0
0.170206791614,0.312777203416,0.621106485854,0.0
0.513065964689,0.524238901289,0.108983899478,1.0
0.546501891374,0.832565230998,0.434824651513,0.0
0.53610175963,0.301799109146,0.143328565409,0.0
0.526583957858,0.565278814909,0.792108198746,1.0
0.588813930221,0.291929189335,0.66753978657,1.0
0.153740812986,0.963821034427,0.114983736157,1.0
0.310260634184,0.364761631257,0.74282025252,0.0
0.683958822822,0.330583382377,0.216459954822,0.0
0.435870676777,0.113296374708,0.38422169428,1.0
0.0484369846171,0.0181855639406,0.64643224436,0.0
0.420963203271,0.0237544856264,0.726793491024,0.0
0.471493151872,0.322380444841,0.313923078816,0.0
0.0612124587031,0.482792980539,0.203401963633,0.0
0.00729250990339,0.158166215324,0.811181712733,0.0
0.203207779928,0.924134167843,0.657480907682,0.0
0.298598192721,0.0967920571249,0.0876325332628,0.0
0.354074021727,0.118846613902,0.781550587623,0.0
0.0834606571592,0.744523244142,0.302610325347,1.0
0.148530257088,0.814200546855,0.20493383301,1.0
0.0504858398985,0.188371164357,0.958727904368,0.0
0.0474890237494,0.49765272436,0.345249616364,1.0
0.101710216601,0.630375582433,0.0115934976092,0.0
0.535419961859,0.683840609385,0.899003856718,0.0
0.171483120882,0.580638903202,0.459866179534,0.0
0.0563060075591,0.0435510237807,0.958876159285,1.0
0.486528748556,0.796447588041,0.656624124526,1.0
0.78538426988,0.091104539555,0.626414955576,1.0
0.691205974032,0.797840235765,0.353727724089,1.0
0.769775167489,0.966484162219,0.911935817199,1.0
0.317750859131,0.201418028266,0.492177261414,0.0
0.146805227555,0.70828325126,0.252830947283,1.0
0.0312316435015,0.642798869785,0.187678507264,0.0
0.105482004894,0.83838802162,0.677667896392,1.0
0.879693063788,0.21529962628,0.0298643090839,0.0
0.723705814785,0.0768276971732,0.0560216477543,0.0
0.304003823222,0.447863898707,0.753206823231,1.0
0.943893205887,0.449045687435,0.462153324168,0.0
0.570029222699,0.211262196068,0.582196688361,0.0
0.141788449377,0.369482917705,0.678542133423,0.0
0.600612641801,0.734215723829,0.559116688066,0.0
0.852275894612,0.490861301566,0.71713840739,1.0
0.935153936111,0.236552214925,0.674253390169,0.0
0.754056892871,0.300146758429,0.826333233515,0.0
0.405137491377,0.656253900437,0.351808873902,1.0
0.0204100192369,0.569564964099,0.0251811962994,1.0
0.970027129026,0.136540371528,0.822305141543,0.0
0.573294880738,0.226451173301,0.117955244356,0.0
0.38795173518,0.731158458103,0.31572902398,1.0
0.333271965021,0.378121339749,0.156809650921,1.0
0.640088366121,0.867917039089,0.111742147878,1.0
0.447389107628,0.864812051475,0.811154763452,1.0
0.265644163118,0.299507439855,0.796458614946,0.0
0.866742195028,0.550706853254,0.576797466845,0.0
0.312542400892,0.700890929838,0.543871186539,1.0
0.143567245054,0.515385144708,0.166444482972,0.0
0.848277883645,0.00970263868539,0.642711716572,1.0
0.821911031008,0.535643732258,0.303065852945,1.0
0.20583869781,0.330318246827,0.0817604168793,1.0
0.904803208212,0.794702663026,0.844846518755,1.0
0.352588443888,0.311122093309,0.296783548726,1.0
0.75910687525,0.302560904068,0.521916413834,1.0
0.114945347134,0.213108432068,0.853586741968,0.0
0.965248190105,0.324454924714,0.970804566912,0.0
0.425515223861,0.855562426193,0.965504076131,1.0
0.171415277871,0.784839285975,0.134957353894,1.0
0.324029463191,0.778026091274,0.681856549938,0.0
0.293247278766,0.284515945212,0.548563688923,0.0
0.615783080324,0.381308115722,0.606966529336,1.0
0.767364466145,0.259543420447,0.977496168857,1.0
0.124562560591,0.296220659975,0.155692966037,1.0
0.521545881587,0.370714842936,0.390697726466,0.0
0.942226757076,0.839079567528,0.389433637924,0.0
0.652619294082,0.720247112551,0.361937528792,1.0
0.419268247429,0.4792650208,0.186252417402,1.0
0.724941725963,0.77218785187,0.642475430752,0.0
0.795413574551,0.234204204958,0.534665081924,0.0
0.593899421967,0.8801051294,0.775354220917,1.0
0.377777463571,0.865249095541,0.176429534958,0.0
0.186099259992,0.0794015812652,0.536854566041,0.0
0.502229560786,0.699804149328,0.496975038277,1.0
0.501161173854,0.29975960723,0.0514950836508,1.0
0.190729638286,0.840164469939,0.755393727942,0.0
0.717387703836,0.048586940267,0.340061060308,1.0
0.573756504421,0.843157849807,0.849917624432,0.0
0.504254225935,0.586620686072,0.364505827299,1.0
0.731522181325,0.601710075048,0.486933382166,1.0
0.0574787544909,0.74774873303,0.976657027346,1.0
0.109691985906,0.781253659437,0.923226859368,1.0
0.254920187043,0.835390145938,0.814499321655,0.0
0.601258192447,0.191555668434,0.634596008303,0.0
0.00447162130807,0.836791676081,0.486761045782,0.0
0.327671552471,0.53374124042,0.942242397254,0.0
0.18750758994,0.608767572514,0.862041885059,0.0
0.662002320075,0.546196691483,0.493907548241,0.0
0.139219639471,0.638302384315,0.181362061974,0.0
0.845560663383,0.501288212371,0.672439764164,0.0
0.795382528768,0.584415562115,0.428170918663,0.0
0.475231230106,0.985261701137,0.2387789149,1.0
0.718530344999,0.799069041596,0.118135471115,1.0
0.531770753604,0.174563574036,0.920830198048,1.0
0.240472680533,0.0197667300018,0.390132482806,0.0
0.387170373211,0.517111497559,0.177492173666,0.0
0.181987725047,0.595391282093,0.677706544092,1.0
0.508286030761,0.471209653013,0.691374765446,0.0
0.493438901873,0.826709143864,0.703682771161,0.0
0.400984802834,0.690320426145,0.922871055601,1.0
0.885463381202,0.315605728056,0.815608315732,0.0
0.970322857664,0.581657382964,0.113743505953,0.0
0.0304573901044,0.812222946114,0.611401330679,1.0
0.337593723196,0.012686118703,0.675088498996,1.0
0.427435157841,0.259314300153,0.453468013387,0.0
0.289197401215,0.411554976342,0.724021733815,0.0
0.465157593714,0.326345554162,0.893218721507,0.0
0.0409819600035,0.70478519598,0.564946199186,0.0
0.353469370313,0.496814767853,0.772591868142,0.0
0.922666480801,0.703114292949,0.924455514368,0.0
0.67363275997,0.412870160575,0.987080440278,0.0
0.340680752476,0.511130454682,0.933803103216,1.0
0.294188674977,0.616393372749,0.976647820824,1.0
0.418034572266,0.836119067854,0.339197791084,1.0
0.628173488311,0.336847685846,0.312561828504,1.0
0.0942131396381,0.779307037252,0.450278178955,1.0
0.765842868661,0.250577726517,0.0300204506959,0.0
0.632691243277,0.878816764448,0.668379297451,1.0
0.0442348876919,0.0327696971023,0.291055045628,0.0
0.397978577203,0.0629100276821,0.502420699074,0.0
0.263826863915,0.626969898281,0.415131350988,1.0
0.346815816739,0.586594788914,0.711109002701,0.0
0.668051072026,0.0136363306424,0.859566800541,0.0
0.00371490028619,0.659918914047,0.714177029141,1.0
0.357849378777,0.172381582529,0.555049099209,1.0
0.0070695645479,0.943598363044,0.713591962898,1.0
0.7683301818,0.753863264674,0.867425211118,0.0
0.926431870815,0.196193990429,0.747079184801,1.0
0.766224972654,0.588110864427,0.175461523828,0.0
0.316087068265,0.538761878905,0.69142978307,0.0
0.478298201253,0.331501921333,0.771107519946,1.0
0.786647676267,0.369179349751,0.632969223022,1.0
0.194409049642,0.727270397634,0.332421254504,1.0
0.496260603515,0.477943365204,0.407220337374,0.0
0.616058185686,0.504268400132,0.471148862844,0.0
0.884044591648,0.569072767139,0.997909034712,1.0
0.982608721235,0.953911321653,0.976985844859,1.0
0.972908816962,0.8831839721,0.489979259354,0.0
0.505347349409,0.908261064052,0.696791514524,1.0
0.448801338094,0.265529919562,0.0917190297304,0.0
0.210945365774,0.365644467424,0.801606138994,1.0
0.609537179019,0.985162896028,0.260169153124,1.0
0.344094244792,0.227557542818,0.13320861226,1.0
0.678053969878,0.625128368982,0.869369297969,1.0
0.674739547666,0.549509548252,0.813411083364,1.0
0.964782987089,0.529604383884,0.183035213915,0.0
0.213213832778,0.8128838365,0.115897561543,1.0
0.30419769303,0.0462902011522,0.52554059538,1.0
0.0433578844174,0.80923516913,0.845385337455,0.0
0.55036329216,0.0744182538329,0.494625407156,0.0
0.658519050781,0.136237023011,0.00318575628729,1.0
0.489656067546,0.834051967411,0.272438949559,0.0
0.321406673208,0.721768942769,0.908267565451,0.0
0.975258406692,0.242549479801,0.0279562947183,1.0
0.0823073510907,0.195029458735,0.966601630914,0.0
